$ HSPICE — corners/ff_m40.mt0
vout_err=2.100000e-03
psrr=6.680000e+01
dropout=1.550000e-01
iq=5.800000e-05
