$ HSPICE — corners/ss_125.mt0
vout_err=3.800000e-03
psrr=5.550000e+01
dropout=2.100000e-01
iq=3.500000e-05
